version https://git-lfs.github.com/spec/v1
oid sha256:e7485d4e736d107fad753a85ff12bf52a277c3627f5b7f993358cb4f11c45ea7
size 72648060
